   -0.0394323643
   -0.0472080413
   -0.0465260546
   -0.0276428681
   -0.0538030593
   -0.0579945288
   -0.0396883287
   -0.0670745507
   -0.0477836589
   -0.0595507743
   -0.0173281488
   -0.0400553490
   -0.0294615636
   -0.0402771115
   -0.0547516362
   -0.0202530601
   -0.0317762514
   -0.0352714196
   -0.0399134070
   -0.0466736163
   -0.0166312340
   -0.0290516655
   -0.0319785040
   -0.0329690980
   -0.0267805235
   -0.0162979957
   -0.0254519451
   -0.0185974236
   -0.0021298777
   -0.0239262050
   -0.0045556863
   -0.0345928396
   -0.0442887858
   -0.0394960677
   -0.0107796013
   -0.0526505355
   -0.0518740222
   -0.0318488424
   -0.0582364773
   -0.0419613316
   -0.0109206842
   -0.0280832697
    0.0049457609
   -0.0427894569
   -0.0494800252
   -0.0590976285
   -0.0367036555
   -0.0354336460
   -0.0439290809
   -0.0589501226
   -0.0225953955
   -0.0335322921
   -0.0131448287
   -0.0327414858
   -0.0476584625
   -0.0513897149
   -0.0060078308
   -0.0040090124
   -0.0132144338
    0.0031089370
    0.0508038314
    0.0017628833
    0.0469025279
   -0.0331696123
    0.0004407783
    0.0069824019
    0.0150709505
    0.0025620110
    0.0364838829
    0.0264132143
    0.0183175949
    0.0194150425
    0.0323021606
    0.0270484434
    0.0162018193
    0.0371731972
    0.0463317161
    0.0094704135
    0.0205071948
    0.0302979059
    0.0381440300
    0.0277456395
    0.0226379094
    0.0306782976
    0.0311814489
    0.0036229968
    0.0014267763
   -0.0182738890
   -0.0146433615
    0.0204814333
   -0.0099316057
   -0.0292905862
    0.0333148336
    0.0129925756
    0.0357527274
    0.0119899230
   -0.0071949470
   -0.0167411129
   -0.0032518352
   -0.0021175717
   -0.0138089886
   -0.0204830523
    0.0025195796
    0.0018979573
   -0.0051403733
   -0.0205388631
   -0.0051400274
   -0.0140765448
    0.0182042983
    0.0128909914
    0.0268065191
    0.0345069950
    0.0240716192
    0.0293564429
    0.0302552945
    0.0296466568
    0.0277041279
    0.0261440634
    0.0365663019
    0.0262428243
    0.0161491500
    0.0312764133
    0.0267490578
    0.0246398044
    0.0365349441
    0.0291931639
    0.0276471219
    0.0291088082
   -0.0240619965
   -0.0021255457
    0.0004385607
    0.0015031613
    0.0118486464
    0.0079987996
    0.0074374429
    0.0180543917
    0.0240486693
    0.0144909906
   -0.0024916472
   -0.0096867867
    0.0004261050
   -0.0003198736
   -0.0172971803
   -0.0024280368
    0.0017563284
   -0.0000088827
   -0.0172072804
   -0.0039671798
   -0.0000540908
   -0.0007655167
    0.0002231040
    0.0008593941
    0.0025727601
    0.0024729517
   -0.0054696341
    0.0012162790
    0.0045990954
    0.0044981701
   -0.0026323236
    0.0025854790
    0.0050754099
    0.0047612678
    0.0051982484
    0.0103904979
    0.0267460630
    0.0085803145
    0.0327678693
    0.0221690254
    0.0412486826
    0.0466498151
    0.0213196081
    0.0439008353
    0.0523557728
    0.0471419845
    0.0092694493
   -0.0013772025
    0.0078958309
    0.0322753223
    0.0250889959
    0.0118975686
    0.0345132476
    0.0337887648
    0.0430950310
    0.0362211914
    0.0390650930
    0.0474924964
    0.0458491401
    0.0460981683
   -0.0306364256
   -0.0363611843
   -0.0358240894
   -0.0252092829
   -0.0422895798
   -0.0448945585
   -0.0320918365
   -0.0537665014
   -0.0407992773
   -0.0400314312
   -0.0358935034
   -0.0243444292
   -0.0347133653
   -0.0494378533
   -0.0110042502
   -0.0239877480
   -0.0293045783
   -0.0331537818
   -0.0392503368
   -0.0133368608
   -0.0233683086
   -0.0268782570
   -0.0287895188
   -0.0302259370
   -0.0294208268
   -0.0184734666
   -0.0235648973
   -0.0247407760
   -0.0223548271
   -0.0111025074
   -0.0091917911
   -0.0167954036
   -0.0105678701
   -0.0183370800
   -0.0051548554
   -0.0256398129
   -0.0329748376
   -0.0294576031
   -0.0097078990
   -0.0185310177
   -0.0408197369
   -0.0388663993
   -0.0230618817
   -0.0495982044
   -0.0404719076
   -0.0231040498
   -0.0405616342
   -0.0226048625
    0.0032230842
   -0.0150617940
   -0.0342014798
   -0.0386344156
   -0.0478526298
   -0.0264766807
   -0.0317349166
   -0.0388536536
   -0.0504460019
   -0.0156846457
   -0.0272051143
   -0.0140200221
   -0.0207134039
   -0.0322454056
   -0.0442248484
    0.0009525785
   -0.0105968776
   -0.0127985317
   -0.0116330377
   -0.0241450612
   -0.0265611982
    0.0017187846
    0.0040333547
    0.0024636823
   -0.0150772454
    0.0358470521
   -0.0020311757
   -0.0013877376
   -0.0004555056
    0.0008447768
    0.0072110776
    0.0140165903
    0.0077429854
    0.0014793689
    0.0076853735
    0.0222469194
    0.0303609826
    0.0236694067
    0.0175901829
    0.0147292988
    0.0202932678
    0.0286957764
    0.0228220638
    0.0013059438
    0.0146130707
    0.0256818201
    0.0328546307
    0.0075292805
    0.0129216443
    0.0206861043
    0.0273627674
    0.0197059924
    0.0220779799
    0.0280363417
    0.0276439285
    0.0003673424
   -0.0009767972
   -0.0144392880
   -0.0176649174
    0.0186985778
    0.0123159387
   -0.0080711824
   -0.0237943768
    0.0234959902
    0.0082553273
    0.0393986476
    0.0201651118
    0.0014442000
   -0.0093465450
   -0.0157725307
   -0.0072288558
   -0.0040211715
   -0.0089203538
   -0.0181138728
   -0.0185621036
   -0.0029024802
   -0.0008536847
   -0.0037510793
   -0.0124292810
   -0.0264971753
   -0.0050273663
    0.0241963653
    0.0144143585
    0.0203431141
    0.0328765511
    0.0297116549
    0.0226047801
    0.0234903734
    0.0267411571
    0.0261438150
    0.0277700189
    0.0247596437
    0.0330633162
    0.0217986692
    0.0095635457
    0.0308419522
    0.0249278251
    0.0203450844
    0.0168116286
    0.0300851040
    0.0257880482
    0.0234706285
    0.0244064218
    0.0326038015
    0.0275612462
    0.0253585655
    0.0253803684
    0.0269029832
   -0.0160112284
   -0.0072513056
   -0.0028563738
    0.0023628614
    0.0020730537
    0.0024179404
    0.0023891375
    0.0112560704
    0.0076824045
    0.0069654288
    0.0103043469
    0.0206365647
    0.0199419595
    0.0128258980
   -0.0045492640
   -0.0109300728
   -0.0030431627
   -0.0014921900
   -0.0011813885
   -0.0181156783
   -0.0054527163
   -0.0007021820
   -0.0004403112
   -0.0019094540
   -0.0211328803
   -0.0073860553
   -0.0017212174
   -0.0003375398
   -0.0011486935
   -0.0057100027
   -0.0018276931
   -0.0016543847
   -0.0018570923
   -0.0005162416
    0.0001181496
   -0.0034677614
    0.0000730409
    0.0019693670
    0.0017682863
   -0.0026253060
    0.0024750759
    0.0031112978
    0.0002089494
   -0.0060431792
    0.0033179163
    0.0033652527
    0.0075756714
    0.0054569889
    0.0175366328
    0.0126818331
    0.0233207486
    0.0002437012
    0.0214202096
    0.0320134940
    0.0342002680
    0.0160702978
    0.0314109173
    0.0389637913
    0.0410932652
    0.0244884761
    0.0385600984
    0.0453035638
    0.0165807653
    0.0113748291
    0.0010972242
    0.0177321405
    0.0179576563
    0.0289955652
    0.0244116937
    0.0175395883
    0.0136328377
    0.0325578781
    0.0310069678
    0.0354415063
    0.0315520670
    0.0314029527
    0.0396283533
    0.0379198305
    0.0377881869
   -0.0247094932
   -0.0293054899
   -0.0288225003
   -0.0222689699
   -0.0357047216
   -0.0373034437
   -0.0284947867
   -0.0463088783
   -0.0351607173
   -0.0346232183
   -0.0210237905
   -0.0303529459
   -0.0202694827
   -0.0255842071
   -0.0296927431
   -0.0364127321
   -0.0175806867
   -0.0223626656
   -0.0248305990
   -0.0268819111
   -0.0291324303
   -0.0153556833
   -0.0201843338
   -0.0221745114
   -0.0228550487
   -0.0216799936
   -0.0159596433
   -0.0128041133
   -0.0175090445
   -0.0183417438
   -0.0152744928
   -0.0048125670
   -0.0046230374
   -0.0107783503
   -0.0053698309
   -0.0145699064
   -0.0039106206
   -0.0204012839
   -0.0262517139
   -0.0237865566
   -0.0078985099
   -0.0304817891
   -0.0341042689
   -0.0270349637
   -0.0111155691
   -0.0383186181
   -0.0273710320
   -0.0107915909
   -0.0267822675
   -0.0101222869
   -0.0307260499
   -0.0401463720
   -0.0191697383
   -0.0249045926
   -0.0308345916
   -0.0398968896
   -0.0118497580
   -0.0204486432
   -0.0106779987
   -0.0160437853
   -0.0245925073
   -0.0340076612
    0.0018838615
   -0.0062396314
   -0.0086636970
   -0.0071381709
   -0.0169542237
   -0.0209061050
    0.0026375101
    0.0049690302
   -0.0078373043
    0.0046631793
    0.0332570240
    0.0245366450
    0.0268542826
   -0.0023651647
   -0.0024287165
   -0.0025312384
   -0.0009157171
    0.0000548293
    0.0016115086
    0.0076321668
    0.0078073986
    0.0009592988
    0.0205014779
    0.0146813338
    0.0120304622
    0.0175485383
    0.0257488844
    0.0198050605
    0.0040137929
    0.0158126345
    0.0248348781
    0.0307674296
    0.0063359042
    0.0130394285
    0.0197940607
    0.0256031669
    0.0168728341
    0.0192595612
    0.0252499362
    0.0249278708
   -0.0016036339
   -0.0028872346
   -0.0155919254
    0.0098193916
   -0.0098106749
   -0.0238490800
    0.0178682160
    0.0046657498
    0.0312029841
    0.0154202402
   -0.0022678614
   -0.0102960350
   -0.0161604500
   -0.0082641221
   -0.0053521761
   -0.0101782958
   -0.0189231300
   -0.0185955488
   -0.0021754188
   -0.0034519854
   -0.0091652233
   -0.0194851137
    0.0126222666
    0.0158503144
    0.0275951167
    0.0203450608
    0.0209044230
    0.0240651988
    0.0240511724
    0.0224830593
    0.0281671264
    0.0181128777
    0.0063706268
    0.0264674603
    0.0215451736
    0.0176384517
    0.0148630263
    0.0258143877
    0.0225756699
    0.0209708606
    0.0227753815
    0.0305012789
    0.0232032056
    0.0232168782
    0.0250786752
   -0.0177145670
   -0.0082099611
    0.0016956168
    0.0012491259
    0.0017727403
    0.0020060959
    0.0103659956
    0.0066692644
    0.0062087419
    0.0095607939
    0.0195259469
    0.0117848602
   -0.0057745279
   -0.0123844994
   -0.0043680363
   -0.0024745331
   -0.0196235903
   -0.0074939537
   -0.0024379752
   -0.0011970197
   -0.0018238619
   -0.0223652978
   -0.0088959903
   -0.0031513792
   -0.0011540541
   -0.0011257364
   -0.0062701802
   -0.0023455233
   -0.0031747406
   -0.0013396473
   -0.0007770476
   -0.0026869322
   -0.0094673547
    0.0006337150
    0.0008064281
   -0.0016562269
   -0.0095696126
    0.0013469079
    0.0020126180
    0.0005474410
   -0.0045060421
    0.0028033210
    0.0025497424
    0.0024458201
    0.0129036037
    0.0086763219
    0.0179793391
    0.0060069708
    0.0198582977
    0.0266553504
    0.0275244067
    0.0173137125
    0.0277213567
    0.0328770859
    0.0342007235
    0.0246698315
    0.0342419290
    0.0393931767
    0.0125277274
    0.0082853945
    0.0006038660
    0.0147626362
    0.0141664577
    0.0234331092
    0.0198004661
    0.0146476189
    0.0109183034
    0.0271370193
    0.0254225272
    0.0293035711
    0.0259801509
    0.0265661080
    0.0339806131
    0.0318797662
    0.0318192550
   -0.0205447171
   -0.0237200464
   -0.0234890325
   -0.0283838365
   -0.0301030844
   -0.0251124686
   -0.0368956945
   -0.0300470950
   -0.0339520435
   -0.0283396133
   -0.0268600326
   -0.0176054762
   -0.0225611099
   -0.0266502653
   -0.0333669830
   -0.0152282353
   -0.0196916446
   -0.0223026222
   -0.0245999826
   -0.0277869827
   -0.0148663449
   -0.0183301990
   -0.0201071894
   -0.0211132633
   -0.0213743882
   -0.0202926468
   -0.0113030895
   -0.0157326812
   -0.0175209442
   -0.0176229101
   -0.0154487491
   -0.0085818622
   -0.0002511533
   -0.0087310212
   -0.0128283693
   -0.0133918229
   -0.0102038500
   -0.0009412042
   -0.0016335818
   -0.0066006069
   -0.0019417955
   -0.0119846000
   -0.0045024148
   -0.0163752936
   -0.0208054874
   -0.0187648219
   -0.0072373551
   -0.0269660441
   -0.0248851913
   -0.0167837537
   -0.0038558049
   -0.0327434893
   -0.0268107463
   -0.0167700377
   -0.0026403385
   -0.0301695646
   -0.0198121682
   -0.0072738976
   -0.0145080468
   -0.0004163154
   -0.0251672548
   -0.0337635402
   -0.0218703559
   -0.0267166887
   -0.0334186984
   -0.0104640578
   -0.0174600419
   -0.0134562902
   -0.0175740440
   -0.0235276844
   -0.0307641824
   -0.0005324509
   -0.0075423089
   -0.0108219843
   -0.0001423516
   -0.0043071413
   -0.0105762361
   -0.0173898918
   -0.0232486165
    0.0053598029
    0.0025263175
    0.0016029644
   -0.0055114160
   -0.0086746955
    0.0085840832
    0.0063702867
   -0.0126289280
    0.0236140878
    0.0280661531
    0.0223739895
    0.0241393311
   -0.0032010584
   -0.0027488904
   -0.0033075399
   -0.0019703399
   -0.0012142851
   -0.0122287385
   -0.0052797051
   -0.0010733246
   -0.0004110568
   -0.0002724250
    0.0003138169
    0.0022536431
    0.0026571312
    0.0047953553
    0.0077486158
    0.0076123109
    0.0031775192
    0.0029665300
    0.0180766991
    0.0132116795
    0.0112878846
    0.0158095953
    0.0224500693
    0.0174933419
    0.0179629493
    0.0273165619
    0.0003170469
    0.0088360282
    0.0162849027
    0.0221672136
    0.0074296292
    0.0124377119
    0.0178430066
    0.0229272953
    0.0159866295
    0.0177029099
    0.0228665219
    0.0226746787
   -0.0028393992
   -0.0035621670
   -0.0136326683
    0.0067387751
   -0.0079301803
   -0.0192920239
    0.0142805190
    0.0034823636
    0.0237517341
    0.0112107423
   -0.0019822720
   -0.0105981504
   -0.0145508647
   -0.0088371865
   -0.0065953798
   -0.0104916470
   -0.0168902827
   -0.0165675469
   -0.0068717403
   -0.0037766128
   -0.0047539464
   -0.0093000848
   -0.0173711230
   -0.0084559838
    0.0139025996
    0.0152467007
    0.0242083249
    0.0189071447
    0.0189188321
    0.0212593416
    0.0218616938
    0.0205479279
    0.0288694462
    0.0170979809
    0.0247675509
    0.0190377653
    0.0139632084
    0.0217706468
    0.0189521010
    0.0171873848
    0.0181588625
    0.0227481303
    0.0204996502
    0.0196866487
    0.0220724787
    0.0214148937
    0.0216575784
   -0.0088158408
   -0.0045384733
   -0.0018195229
    0.0050646975
    0.0028846564
    0.0026599620
    0.0027270383
    0.0103040452
    0.0066749500
    0.0063129198
    0.0093356878
    0.0177280845
    0.0110019208
   -0.0065515890
   -0.0120586903
   -0.0053982152
   -0.0033932293
   -0.0183863990
   -0.0081570213
   -0.0035446362
   -0.0021057723
   -0.0022742217
   -0.0227106876
   -0.0100872983
   -0.0043459347
   -0.0019539123
   -0.0014019137
   -0.0091443325
   -0.0039329719
   -0.0017717307
   -0.0018899485
   -0.0038449752
   -0.0094766769
   -0.0006720941
   -0.0004625334
   -0.0018624043
   -0.0064970009
    0.0004288845
    0.0006930671
   -0.0005489489
   -0.0046916984
    0.0013639618
    0.0015387081
    0.0002381303
   -0.0032273172
    0.0027794192
    0.0026669346
    0.0005321312
    0.0083415179
    0.0053735908
    0.0125555256
    0.0038340803
    0.0146962349
    0.0200726628
    0.0203989995
    0.0049135354
    0.0163399631
    0.0231161615
    0.0261624164
    0.0261272276
    0.0180791712
    0.0257429800
    0.0298477226
    0.0222928888
    0.0306999689
    0.0037999193
   -0.0001549412
    0.0054444639
    0.0145123761
    0.0114352058
    0.0067145344
    0.0009242557
    0.0200071355
    0.0175411033
    0.0162542403
    0.0212821384
    0.0184624246
    0.0150834223
    0.0135310382
    0.0251146696
    0.0232160501
    0.0252545469
    0.0228757950
    0.0239215576
    0.0295485780
    0.0276061175
    0.0273435390
