   0.8245620937    0.7314367302    2.5791569532
   1.8045620937    0.7314367302    2.3165667446
   1.3145620937    1.5801416259    2.3165667446
   0.3345620937   -0.1172681655    2.3165667446
   2.5219718851    0.7314367302    1.5991569532
   2.1977954613    1.7291491727    1.5991569532
   1.3490905656    2.3457693732    1.5991569532
   2.5219718851    1.7114367302    0.6191569532
   1.8045620937    2.4288465216    0.6191569532
   2.1977954613    1.7291491727   -0.3608430468
   1.3145620937    1.5801416259   -1.0782528382
  -2.6004379080    0.0424367299    1.6881569528
  -3.1558949714    1.0045165851    1.3271990722
  -3.7113520348    0.0424367299    1.3271990722
  -3.1558949714   -0.9196431254    1.3271990722
  -3.1558949714    1.7519577896    0.3821990722
  -4.0546433793    1.0989788493    0.3821990722
  -4.3979347238    0.0424367299    0.3821990722
  -4.0546433793   -1.0141053895    0.3821990722
  -3.1558949714   -1.6670843298    0.3821990722
  -3.1558949714    1.7519577896   -0.7858851665
  -4.0546433793    1.0989788493   -0.7858851665
  -4.3979347238    0.0424367299   -0.7858851665
  -4.0546433793   -1.0141053895   -0.7858851665
  -3.1558949714   -1.6670843298   -0.7858851665
  -3.1558949714    1.0045165851   -1.7308851665
  -3.7113520348    0.0424367299   -1.7308851665
  -3.1558949714   -0.9196431254   -1.7308851665
  -2.6004379080    0.0424367299   -2.0918430472
  -1.0064379072   -1.6645632709    3.1981569535
  -0.0264379072   -1.6645632709    2.9355667449
  -0.5164379072   -0.8158583752    2.9355667449
  -1.4964379072   -0.8158583752    2.9355667449
  -1.9864379072   -1.6645632709    2.9355667449
  -1.4964379072   -2.5132681666    2.9355667449
  -2.3796712749   -0.6668508284    2.2181569535
  -2.7038476986   -1.6645632709    2.2181569535
  -2.3796712749   -2.6622757134    2.2181569535
  -2.9664379072   -1.6645632709    1.2381569535
  -2.7038476986   -2.6445632709    1.2381569535
  -1.9864379072   -3.3619730623    1.2381569535
  -2.3796712749   -2.6622757134    0.2581569535
  -1.5309663792   -3.2788959139    0.2581569535
   3.0895620947   -0.2215632702    1.2461569526
   4.0695620947   -0.2215632702    0.9835667440
   3.5795620947    0.6271416255    0.9835667440
   3.5795620947   -1.0702681659    0.9835667440
   4.7869718861   -0.2215632702    0.2661569526
   4.4627954624    0.7761491723    0.2661569526
   3.6140905667    1.3927693727    0.2661569526
   3.6140905667   -1.8358959132    0.2661569526
   4.4627954624   -1.2192757127    0.2661569526
   4.7869718861    0.7584367298   -0.7138430474
   4.0695620947    1.4758465212   -0.7138430474
   3.0895620947    1.7384367298   -0.7138430474
   2.1095620947    1.4758465212   -0.7138430474
   4.0695620947   -1.9189730617   -0.7138430474
   4.7869718861   -1.2015632702   -0.7138430474
   2.5650336228    1.3927693727   -1.6938430474
  -2.3964025735    1.4748832235   -1.4618430473
   0.7124980612   -2.8908293891    0.0101569529
  -2.2254230158   -1.6749371284   -1.0398430471
   1.1936891223   -2.7412519060    0.2341569530
   1.5245620930    2.5444367311   -0.1518430472
  -0.8342592641    4.3445788102   -1.2018430472
  -1.6254379070    2.5444367311   -1.9704963951
  -1.7853253809    1.7021504240   -1.9859915983
  -2.4878552349    0.8649079465   -1.9859915983
   0.0010413167    0.3184367300   -2.8259915983
  -0.6812900454    1.2575852806   -2.8259915983
  -1.7853253809    0.8988624547   -2.8259915983
  -1.7853253809   -0.2619889947   -2.8259915983
  -0.6812900454   -0.6207118205   -2.8259915983
  -0.9864379072    0.3184367300   -3.1468430478
  -1.3503253807   -3.3502769650   -0.2096944969
  -0.2739871991   -3.5400644268   -0.2096944969
   0.6725287128   -2.9935932103   -0.2096944969
  -2.0528552347   -2.5130344876   -1.2479915980
  -1.3503253807   -3.3502769650   -1.2479915980
  -0.2739871991   -3.5400644268   -1.2479915980
   0.6725287128   -2.9935932103   -1.2479915980
  -1.3503253807   -1.3861375463   -2.0879915980
  -1.3503253807   -2.5469889958   -2.0879915980
  -0.2462900452   -2.9057118216   -2.0879915980
  -0.5514379070   -1.9665632711   -2.4088430474
   1.4435620940   -1.1725632707    2.7401569534
   2.4310413178   -1.1725632707    2.4193055040
   1.7487099557   -0.2334147201    2.4193055040
   0.6446746203   -0.5921375460    2.4193055040
   1.7487099557   -2.1117118212    2.4193055040
   3.0413370413   -1.1725632707    1.5793055040
   2.6675287137   -0.1455333314    1.5793055040
   1.7210128019   -2.7460644264    1.5793055040
   2.6675287137   -2.1995932099    1.5793055040
   1.7210128019   -2.7460644264    0.5410084029
   2.6675287137   -2.1995932099    0.5410084029
  -1.0024379072    1.1904367304    3.1331569536
  -0.0149586833    1.1904367304    2.8123055042
  -0.6972900454    2.1295852810    2.8123055042
  -1.8013253809    1.7708624552    2.8123055042
  -1.8013253809    0.6100110057    2.8123055042
  -0.6972900454    0.2512881799    2.8123055042
  -0.7249871993    2.7639378862    1.9723055042
  -1.8013253809    2.5741504244    1.9723055042
  -2.5038552349    1.7369079469    1.9723055042
  -2.5038552349    0.6439655139    1.9723055042
  -2.5038552349    1.7369079469    0.9340084031
   1.6650128019    1.4749378856   -1.3036944974
   2.6115287137    0.9284666691   -2.3419915985
   1.6650128019    1.4749378856   -2.3419915985
   0.5886746202    1.2851504238   -2.3419915985
   2.3750413178   -0.0985632702   -3.1819915985
   1.6927099557    0.8405852804   -3.1819915985
   0.5886746202    0.4818624545   -3.1819915985
   0.5886746202   -0.6789889949   -3.1819915985
   1.6927099557   -1.0377118207   -3.1819915985
   1.3875620939   -0.0985632702   -3.5028430479
   2.2017099559   -2.6897118215   -0.0176944972
   1.0976746205   -3.1342769649   -0.8576944972
   2.1740128021   -3.3240644267   -0.8576944972
   3.1205287140   -2.7775932102   -0.8576944972
   1.0976746205   -3.1342769649   -1.8959915983
   2.1740128021   -3.3240644267   -1.8959915983
   3.1205287140   -2.7775932102   -1.8959915983
   2.8840413180   -1.7505632710   -2.7359915983
   1.0976746205   -2.3309889957   -2.7359915983
   2.2017099559   -2.6897118215   -2.7359915983
   1.8965620942   -1.7505632710   -3.0568430477
   1.5473370406    2.5654367311   -0.5936944971
   1.5473370406    2.5654367311   -1.6319915982
   1.1735287130    3.5924666703   -1.6319915982
   0.2270128012    4.1389378868   -1.6319915982
   0.9370413171    2.5654367311   -2.4719915982
   0.2547099550    3.5045852816   -2.4719915982
  -0.8493253804    3.1458624558   -2.4719915982
  -0.8493253804    1.9850110064   -2.4719915982
   0.2547099550    1.6262881805   -2.4719915982
  -0.0504379068    2.5654367311   -2.7928430476
  -0.0604379068    3.2574367314    2.1801569532
   0.9270413171    3.2574367314    1.8593055037
   0.2447099550    4.1965852820    1.8593055037
  -0.8593253804    3.8378624561    1.8593055037
   1.5373370406    3.2574367314    1.0193055037
   1.1635287130    4.2844666706    1.0193055037
   0.2170128012    4.8309378871    1.0193055037
  -0.8593253804    4.6411504254    1.0193055037
   1.5373370406    3.2574367314   -0.0189915974
   1.1635287130    4.2844666706   -0.0189915974
   0.2170128012    4.8309378871   -0.0189915974
  -0.8593253804    4.6411504254   -0.0189915974
  -2.4023253812    3.4678624560    1.0553055033
  -2.4023253812    2.3070110065    1.0553055033
  -2.4023253812    4.2711504252    0.2153055033
  -3.1048552352    3.4339079477    0.2153055033
  -3.1048552352    2.3409655147    0.2153055033
  -1.3259871996    4.4609378870   -0.8229915978
  -2.4023253812    4.2711504252   -0.8229915978
  -3.1048552352    3.4339079477   -0.8229915978
  -3.1048552352    2.3409655147   -0.8229915978
  -1.2982900457    3.8265852818   -1.6629915978
  -2.4023253812    3.4678624560   -1.6629915978
  -2.4023253812    2.3070110065   -1.6629915978
  -1.6034379075    2.8874367312   -1.9838430472
  -0.4734379070   -2.4385632713    3.1661569536
   0.5140413169   -2.4385632713    2.8453055042
  -1.2723253806   -3.0189889960    2.8453055042
  -0.1682900452   -3.3777118218    2.8453055042
  -1.2723253806   -3.8222769652    2.0053055042
  -0.1959871990   -4.0120644270    2.0053055042
   0.7505287128   -3.4655932105    2.0053055042
  -1.2723253806   -3.8222769652    0.9670084031
  -0.1959871990   -4.0120644270    0.9670084031
   0.7505287128   -3.4655932105    0.9670084031
  -0.1682900452   -3.3777118218    0.1270084031
   5.2173370424   -0.2765632703   -1.0086944973
   4.8435287148    0.7504666690   -1.0086944973
   4.8435287148   -1.3035932095   -1.0086944973
   5.2173370424   -0.2765632703   -2.0469915984
   4.8435287148    0.7504666690   -2.0469915984
   3.8970128029    1.2969378855   -2.0469915984
   3.8970128029   -1.8500644260   -2.0469915984
   4.8435287148   -1.3035932095   -2.0469915984
   4.6070413188   -0.2765632703   -2.8869915984
   3.9247099567    0.6625852803   -2.8869915984
   2.8206746213    0.3038624545   -2.8869915984
   2.8206746213   -0.8569889950   -2.8869915984
   3.9247099567   -1.2157118208   -2.8869915984
   3.6195620950   -0.2765632703   -3.2078430478
   0.8245620937    0.7314367302    2.8591569532
   1.7964616693    0.7314367302    2.6373272173
   1.3105118815    1.5731264526    2.6373272173
   0.3386123059   -0.1102529922    2.6373272173
   2.5758646144    0.7314367302    2.0157741094
   2.2413955952    1.7608265242    2.0157741094
   1.3657443349    2.3970244046    2.0157741094
   2.7582550732    1.7463170960    1.1176038453
   2.0651237713    2.5287006006    1.1176038453
   2.0651237713    2.5287006006    0.1207100611
  -2.6004379080    0.0424367299    1.9581569528
  -3.1404379080    0.9777441660    1.6687718250
  -3.6804379080    0.0424367299    1.6687718250
  -3.1404379080   -0.8928707062    1.6687718250
  -2.8666541610    1.8940114399    0.8781569528
  -3.8254301361    1.4561531233    0.8781569528
  -4.3952797341    0.5694498407    0.8781569528
  -4.3952797341   -0.4845763809    0.8781569528
  -3.8254301361   -1.3712796635    0.8781569528
  -3.3663844640    2.0620718141   -0.2018430472
  -4.2172211240    1.4747816717   -0.2018430472
  -4.6976722336    0.5593585647   -0.2018430472
  -4.6976722336   -0.4744851050   -0.2018430472
  -4.2172211240   -1.3899082119   -0.2018430472
  -3.3663844640   -1.9771983543   -0.2018430472
  -3.8254301361    1.4561531233   -1.2818430472
  -4.3952797341    0.5694498407   -1.2818430472
  -4.3952797341   -0.4845763809   -1.2818430472
  -3.8254301361   -1.3712796635   -1.2818430472
  -2.8666541610   -1.8091379801   -1.2818430472
  -3.1404379080    0.9777441660   -2.0724579194
  -3.6804379080    0.0424367299   -2.0724579194
  -3.1404379080   -0.8928707062   -2.0724579194
  -1.0064379072   -1.6645632709    3.4781569535
  -0.0345383316   -1.6645632709    3.2563272176
  -0.5204881194   -0.8228735485    3.2563272176
  -1.4923876950   -0.8228735485    3.2563272176
  -1.9783374828   -1.6645632709    3.2563272176
  -1.4923876950   -2.5062529933    3.2563272176
   0.4103955944   -0.6351734769    2.6347741097
  -2.4232714088   -0.6351734769    2.6347741097
  -2.7577404279   -1.6645632709    2.6347741097
  -2.4232714088   -2.6939530649    2.6347741097
  -3.1268180520   -1.1419365040    1.7366038456
  -3.1268180520   -2.1871900378    1.7366038456
  -2.6410645142   -3.1127160777    1.7366038456
  -3.1268180520   -2.1871900378    0.7397100614
  -2.6410645142   -3.1127160777    0.7397100614
  -1.7808377201   -3.7064877616    0.7397100614
  -2.4232714088   -2.6939530649   -0.1584602027
   3.0895620947   -0.2215632702    1.5261569526
   4.0614616704   -0.2215632702    1.3043272167
   3.5755118825    0.6201264522    1.3043272167
   3.5755118825   -1.0632529927    1.3043272167
   4.8408646155   -0.2215632702    0.6827741087
   4.5063955963    0.8078265237    0.6827741087
   3.6307443359    1.4440244041    0.6827741087
   3.6307443359   -1.8871509446    0.6827741087
   4.5063955963   -1.2509530642    0.6827741087
   5.2734006180   -0.2215632702   -0.2153961554
   5.0232550742    0.7933170955   -0.2153961554
   4.3301237724    1.5757006001   -0.2153961554
   3.3527947405    1.9463526114   -0.2153961554
   3.3527947405   -2.3894791519   -0.2153961554
   4.3301237724   -2.0188271406   -0.2153961554
   5.0232550742   -1.2364436360   -0.2153961554
   4.3301237724    1.5757006001   -1.2122899395
   3.3527947405    1.9463526114   -1.2122899395
   2.3151622819    1.8203612204   -1.2122899395
   2.5483798535    1.4440244041   -2.1104602036
  -2.4342156795    1.5185218741   -1.9082185717
  -2.4342156795   -1.3176484143   -1.9082185717
  -2.5885491805   -2.1777761537   -0.5238932886
  -0.0008262594   -1.2482049887   -2.5182185720
  -1.8042156792    3.9625218753    1.3445324773
  -0.0547774201    4.8255993726   -0.6858932886
  -1.0960983939    4.8255993726   -0.6858932886
  -0.8424768374    4.4017332878   -1.6482185716
  -1.6167588809    2.5444367311   -2.3141683301
  -1.5002617165    1.8998238088   -2.4268430478
  -2.3316461041    1.2957876941   -2.4268430478
  -2.6492066825    0.3184367300   -2.4268430478
  -2.3316461041   -0.6589142341   -2.4268430478
  -1.5002617165   -1.2629503488   -2.4268430478
  -0.0264379072    0.3184367300   -3.1296118230
  -0.5064379072    1.1498211177   -3.1296118230
  -1.4664379072    1.1498211177   -3.1296118230
  -1.9464379072    0.3184367300   -3.1296118230
  -1.4664379072   -0.5129476576   -3.1296118230
  -0.5064379072   -0.5129476576   -3.1296118230
  -0.9864379072    0.3184367300   -3.3868430478
  -2.2142066823   -2.9265632711   -0.7288430474
  -1.5114379070   -3.6293320463   -0.7288430474
  -0.5514379070   -3.8865632711   -0.7288430474
   0.4085620930   -3.6293320463   -0.7288430474
  -2.2142066823   -1.9665632711   -1.6888430474
  -1.8966461039   -2.9439142351   -1.6888430474
  -1.0652617163   -3.5479503499   -1.6888430474
  -0.0376140977   -3.5479503499   -1.6888430474
  -1.5114379070   -1.9665632711   -2.3916118227
  -1.0314379070   -2.7979476587   -2.3916118227
  -0.0714379070   -2.7979476587   -2.3916118227
  -0.5514379070   -1.9665632711   -2.6488430474
   1.4435620940   -1.1725632707    2.9801569534
   2.4035620940   -1.1725632707    2.7229257287
   1.9235620940   -0.3411788831    2.7229257287
   0.9635620940   -0.3411788831    2.7229257287
   0.9635620940   -2.0039476583    2.7229257287
   1.9235620940   -2.0039476583    2.7229257287
   3.1063308692   -1.1725632707    2.0201569534
   2.7887702909   -0.1952123066    2.0201569534
   1.9573859032   -2.7539503495    2.0201569534
   2.7887702909   -2.1499142348    2.0201569534
   1.4435620940   -3.0925632707    1.0601569534
   2.4035620940   -2.8353320460    1.0601569534
   3.1063308692   -2.1325632707    1.0601569534
  -1.0024379072    1.1904367304    3.3731569536
  -0.0424379072    1.1904367304    3.1159257289
  -0.5224379072    2.0218211181    3.1159257289
  -1.4824379072    2.0218211181    3.1159257289
  -1.9624379072    1.1904367304    3.1159257289
  -1.4824379072    0.3590523428    3.1159257289
  -0.5224379072    0.3590523428    3.1159257289
  -0.4886140979    2.7718238092    2.4131569536
  -1.5162617165    2.7718238092    2.4131569536
  -2.3476461041    2.1677876945    2.4131569536
  -2.6652066825    1.1904367304    2.4131569536
  -2.3476461041    0.2130857664    2.4131569536
  -2.6652066825    2.1504367304    1.4531569536
   2.7327702908    0.8787876939   -2.7828430479
   1.9013859032    1.4828238086   -2.7828430479
   0.8737382847    1.4828238086   -2.7828430479
   0.0423538970   -1.0759142343   -2.7828430479
   2.3475620939   -0.0985632702   -3.4856118232
   1.8675620939    0.7328211175   -3.4856118232
   0.9075620939    0.7328211175   -3.4856118232
   0.4275620939   -0.0985632702   -3.4856118232
   0.9075620939   -0.9299476578   -3.4856118232
   1.8675620939   -0.9299476578   -3.4856118232
   1.3875620939   -0.0985632702   -3.7428430479
   1.3827382849   -3.3319503498   -0.4168430477
   2.4103859034   -3.3319503498   -0.4168430477
   3.2417702911   -2.7279142350   -0.4168430477
   0.9365620942   -3.4133320462   -1.3768430477
   1.8965620942   -3.6705632710   -1.3768430477
   2.8565620942   -3.4133320462   -1.3768430477
   3.5593308694   -2.7105632710   -1.3768430477
   0.5513538973   -2.7279142350   -2.3368430477
   1.3827382849   -3.3319503498   -2.3368430477
   2.4103859034   -3.3319503498   -2.3368430477
   3.2417702911   -2.7279142350   -2.3368430477
   2.8565620942   -1.7505632710   -3.0396118230
   0.9365620942   -1.7505632710   -3.0396118230
   1.4165620942   -2.5819476586   -3.0396118230
   2.3765620942   -2.5819476586   -3.0396118230
   1.8965620942   -1.7505632710   -3.2968430477
   1.8695620932    2.5654367311   -1.1128430476
   1.6123308685    3.5254367311   -1.1128430476
   0.9095620932    4.2282055063   -1.1128430476
   1.6123308685    2.5654367311   -2.0728430476
   1.2947702902    3.5427876952   -2.0728430476
   0.4633859025    4.1468238099   -2.0728430476
  -0.5642617160    4.1468238099   -2.0728430476
   0.9095620932    2.5654367311   -2.7756118229
   0.4295620932    3.3968211187   -2.7756118229
  -0.5304379068    3.3968211187   -2.7756118229
  -1.0104379068    2.5654367311   -2.7756118229
  -0.5304379068    1.7340523434   -2.7756118229
   0.4295620932    1.7340523434   -2.7756118229
  -0.0504379068    2.5654367311   -3.0328430476
  -0.0604379068    3.2574367314    2.4201569532
   0.8995620932    3.2574367314    2.1629257284
   0.4195620932    4.0888211190    2.1629257284
  -0.5404379068    4.0888211190    2.1629257284
  -1.0204379068    3.2574367314    2.1629257284
   1.6023308685    3.2574367314    1.4601569532
   1.2847702902    4.2347876955    1.4601569532
   0.4533859025    4.8388238102    1.4601569532
  -0.5742617160    4.8388238102    1.4601569532
  -1.4056461037    4.2347876955    1.4601569532
   1.8595620932    3.2574367314    0.5001569532
   1.6023308685    4.2174367314    0.5001569532
   0.8995620932    4.9202055067    0.5001569532
  -0.0604379068    5.1774367314    0.5001569532
  -1.0204379068    4.9202055067    0.5001569532
   1.2847702902    4.2347876955   -0.4598430468
   0.4533859025    4.8388238102   -0.4598430468
  -2.0834379075    3.7188211189    1.3589257280
  -2.5634379075    2.8874367312    1.3589257280
  -2.1172617168    4.4688238100    0.6561569528
  -2.9486461044    3.8647876953    0.6561569528
  -3.2662066828    2.8874367312    0.6561569528
  -1.6034379075    4.8074367312   -0.3038430472
  -2.5634379075    4.5502055065   -0.3038430472
  -3.2662066828    3.8474367312   -0.3038430472
  -3.5234379075    2.8874367312   -0.3038430472
  -2.1172617168    4.4688238100   -1.2638430472
  -2.9486461044    3.8647876953   -1.2638430472
  -3.2662066828    2.8874367312   -1.2638430472
  -2.9486461044    1.9100857672   -1.2638430472
  -2.0834379075    3.7188211189   -1.9666118225
  -2.5634379075    2.8874367312   -1.9666118225
  -2.0834379075    2.0560523436   -1.9666118225
  -0.4734379070   -2.4385632713    3.4061569536
   0.4865620930   -2.4385632713    3.1489257289
  -0.9534379070   -3.2699476589    3.1489257289
   0.0065620930   -3.2699476589    3.1489257289
  -1.8186461039   -3.4159142354    2.4461569536
  -0.9872617162   -4.0199503501    2.4461569536
   0.0403859023   -4.0199503501    2.4461569536
   0.8717702900   -3.4159142354    2.4461569536
  -1.4334379070   -4.1013320466    1.4861569536
  -0.4734379070   -4.3585632713    1.4861569536
   0.4865620930   -4.1013320466    1.4861569536
   1.1893308683   -3.3985632713    1.4861569536
  -0.9872617162   -4.0199503501    0.5261569536
   0.0403859023   -4.0199503501    0.5261569536
   0.8717702900   -3.4159142354    0.5261569536
   5.5395620950   -0.2765632703   -1.5278430478
   5.2823308702    0.6834367297   -1.5278430478
   4.5795620950    1.3862055050   -1.5278430478
   4.5795620950   -1.9393320455   -1.5278430478
   5.2823308702   -1.2365632703   -1.5278430478
   5.2823308702   -0.2765632703   -2.4878430478
   4.9647702919    0.7007876938   -2.4878430478
   4.1333859043    1.3048238085   -2.4878430478
   3.1057382857    1.3048238085   -2.4878430478
   4.1333859043   -1.8579503491   -2.4878430478
   4.9647702919   -1.2539142343   -2.4878430478
   4.5795620950   -0.2765632703   -3.1906118231
   4.0995620950    0.5548211174   -3.1906118231
   3.1395620950    0.5548211174   -3.1906118231
   3.1395620950   -1.1079476579   -3.1906118231
   4.0995620950   -1.1079476579   -3.1906118231
   3.6195620950   -0.2765632703   -3.4478430478
   0.8245620937    0.7314367302    3.1391569532
   1.9179491162    0.7314367302    2.8895985003
   1.3712556050    1.6783376679    2.8895985003
   0.2778685824   -0.2154642075    2.8895985003
   2.7947774295    0.7314367302    2.1903512539
   2.4820127054    1.7966155599    2.1903512539
   1.6430191230    2.5236076374    2.1903512539
   3.0380789309    1.7974102573    1.1799097068
   2.3563632729    2.6522546541    1.1799097068
   2.3563632729    2.6522546541    0.0584041996
  -3.1276066510    0.9555197770    1.9875113018
  -3.6547753940    0.0424367299    1.9875113018
  -3.8445754023    1.4782479384    1.3132371713
  -4.4233311159    0.5776864695    1.3132371713
  -4.4233311159   -0.4928130098    1.3132371713
  -3.8445754023   -1.3933744786    1.3132371713
  -4.0775319022    1.8946540136    0.3388828223
  -4.7349005725    1.0703397739    0.3388828223
  -4.9695127346    0.0424367299    0.3388828223
  -4.7349005725   -0.9854663141    0.3388828223
  -4.0775319022   -1.8097805539    0.3388828223
  -4.0775319022    1.8946540136   -0.7425689167
  -4.7349005725    1.0703397739   -0.7425689167
  -4.9695127346    0.0424367299   -0.7425689167
  -4.7349005725   -0.9854663141   -0.7425689167
  -4.0775319022   -1.8097805539   -0.7425689167
  -3.1276066510   -2.2672404446   -0.7425689167
  -3.8445754023    1.4782479384   -1.7169232657
  -4.4233311159    0.5776864695   -1.7169232657
  -4.4233311159   -0.4928130098   -1.7169232657
  -3.8445754023   -1.3933744786   -1.7169232657
  -2.8708148249   -1.8380760338   -1.7169232657
  -3.1276066510    0.9555197770   -2.3911973962
  -3.6547753940    0.0424367299   -2.3911973962
  -3.1276066510   -0.8706463172   -2.3911973962
  -1.0064379072   -1.6645632709    3.7581569535
   0.0869491154   -1.6645632709    3.5085985006
  -0.4597443959   -0.7176623332    3.5085985006
  -1.5531314185   -0.7176623332    3.5085985006
  -2.0998249298   -1.6645632709    3.5085985006
  -1.5531314185   -2.6114642086    3.5085985006
  -2.2966545680   -0.1755738695    2.8093512542
  -2.8968456784   -1.1094894668    2.8093512542
  -2.8968456784   -2.2196370750    2.8093512542
  -2.2966545680   -3.1535526724    2.8093512542
  -3.4632562459   -1.6645632709    1.7989097071
  -3.2199547445   -2.7305367980    1.7989097071
  -2.5382390864   -3.5853811948    1.7989097071
  -3.2199547445   -2.7305367980    0.6774041999
  -2.5382390864   -3.5853811948    0.6774041999
   4.1829491173   -0.2215632702    1.5565984997
   3.6362556060    0.7253376675    1.5565984997
   3.6362556060   -1.1684642080    1.5565984997
   5.0597774306   -0.2215632702    0.8573512533
   4.7470127064    0.8436155595    0.8573512533
   3.9080191241    1.5706076370    0.8573512533
   3.9080191241   -2.0137341774    0.8573512533
   4.7470127064   -1.2867421000    0.8573512533
   5.5463804334   -0.2215632702   -0.1530902938
   5.3030789320    0.8444102569   -0.1530902938
   4.6213632739    1.6992546537   -0.1530902938
   3.6362556060    2.1736575033   -0.1530902938
   3.6362556060   -2.6167840438   -0.1530902938
   4.6213632739   -2.1423811941   -0.1530902938
   5.3030789320   -1.2875367974   -0.1530902938
   4.6213632739    1.6992546537   -1.2745958010
   3.6362556060    2.1736575033   -1.2745958010
   2.5428685834    2.1736575033   -1.2745958010
   2.8091712179    1.7285981143   -2.2850373481
  -2.4556903647   -1.3424315221   -2.3210313565
  -2.7278819875   -2.2448752970   -1.0230883145
   3.3548416541   -2.6698221527    0.0114022198
   2.8328073615   -0.7195632705   -3.5163177853
   1.2829394604   -1.6143799204   -3.5163177853
   2.3161847278   -1.6143799204   -3.5163177853
  -1.8256903644    3.9873049831    1.7573452621
  -2.4072906750    3.0823172349    1.7573452621
   0.9798416530    4.4946956133   -1.1850883145
  -0.0203650586    4.9763697792   -1.1850883145
  -1.1305107554    4.9763697792   -1.1850883145
  -0.8471437325    4.4341922561   -2.0610313564
  -1.6086831744    2.5444367311   -2.6463177849
  -2.2114301353    1.7321531234   -2.5468430478
  -2.7812797334    0.8454498408   -2.5468430478
  -0.4464379072    1.2537441661   -3.3374579199
  -1.5264379072    1.2537441661   -3.3374579199
  -2.0664379072    0.3184367300   -3.3374579199
  -1.5264379072   -0.6168707061   -3.3374579199
  -0.4464379072   -0.6168707061   -3.3374579199
  -0.9864379072    0.3184367300   -3.6268430478
  -2.1682211230   -3.3989082129   -0.7288430474
  -1.3173844630   -3.9861983553   -0.7288430474
  -0.2910786776   -4.1108144391   -0.7288430474
   0.6755819460   -3.7442084214   -0.7288430474
  -2.3462797332   -2.4935763819   -1.8088430474
  -1.7764301351   -3.3802796645   -1.8088430474
  -0.8176541600   -3.8181379810   -1.8088430474
   0.2256435945   -3.6681344098   -1.8088430474
  -1.6314379070   -1.9665632711   -2.5994579196
  -1.0914379070   -2.9018707071   -2.5994579196
  -0.0114379070   -2.9018707071   -2.5994579196
  -0.5514379070   -1.9665632711   -2.8888430474
   1.4435620940   -1.1725632707    3.2201569534
   2.5235620940   -1.1725632707    2.9307718256
   1.9835620940   -0.2372558346    2.9307718256
   1.9835620940   -2.1078707068    2.9307718256
   3.3141769661   -1.1725632707    2.1401569534
   3.0172234637   -0.1612325171    2.1401569534
   2.2206435954   -2.8741344094    2.1401569534
   3.0172234637   -2.1838940243    2.1401569534
   1.7039213233   -3.3168144387    1.0601569534
   2.6705819469   -2.9502084210    1.0601569534
   3.3561471094   -2.1763653223    1.0601569534
  -1.0024379072    1.1904367304    3.6131569536
   0.0775620928    1.1904367304    3.3237718258
  -0.4624379072    2.1257441665    3.3237718258
  -1.5424379072    2.1257441665    3.3237718258
  -2.0824379072    1.1904367304    3.3237718258
  -1.5424379072    0.2551292943    3.3237718258
  -0.4624379072    0.2551292943    3.3237718258
  -1.2686541602    3.0420114404    2.5331569536
  -2.2274301353    2.6041531239    2.5331569536
  -2.7972797334    1.7174498412    2.5331569536
  -2.7972797334    0.6634236196    2.5331569536
   2.1646435954    1.6030078685   -2.9028430479
   1.1213458409    1.7530114398   -2.9028430479
   2.4675620939   -0.0985632702   -3.6934579201
   1.9275620939    0.8367441659   -3.6934579201
   0.8475620939    0.8367441659   -3.6934579201
   0.3075620939   -0.0985632702   -3.6934579201
   0.8475620939   -1.0338707063   -3.6934579201
   1.3875620939   -0.0985632702   -3.9828430479
   1.6303458412   -3.6021379809   -0.2968430477
   2.6736435956   -3.4521344097   -0.2968430477
   3.4702234640   -2.7618940246   -0.2968430477
   1.1306155382   -3.7701983552   -1.3768430477
   2.1569213235   -3.8948144390   -1.3768430477
   3.1235819471   -3.5282084213   -1.3768430477
   3.8091471096   -2.7543653226   -1.3768430477
   0.6715698660   -3.1642796644   -2.4568430477
   1.6303458412   -3.6021379809   -2.4568430477
   2.6736435956   -3.4521344097   -2.4568430477
   3.4702234640   -2.7618940246   -2.4568430477
   2.9765620942   -1.7505632710   -3.2474579199
   1.3565620942   -2.6858707070   -3.2474579199
   2.4365620942   -2.6858707070   -3.2474579199
   1.8965620942   -1.7505632710   -3.5368430477
   2.1095620932    2.5654367311   -1.1128430476
   1.8621471087    3.5692387827   -1.1128430476
   1.8201769654    2.5654367311   -2.1928430476
   1.5232234630    3.5767674847   -2.1928430476
   0.7266435947    4.2670078698   -2.1928430476
  -0.3166541598    4.4170114411   -2.1928430476
   1.0295620932    2.5654367311   -2.9834579198
   0.4895620932    3.5007441672   -2.9834579198
  -0.5904379068    3.5007441672   -2.9834579198
  -1.1304379068    2.5654367311   -2.9834579198
   0.4895620932    1.6301292950   -2.9834579198
  -0.0504379068    2.5654367311   -3.2728430476
  -0.0604379068    3.2574367314    2.6601569532
   1.0195620932    3.2574367314    2.3707718253
   0.4795620932    4.1927441675    2.3707718253
  -0.6004379068    4.1927441675    2.3707718253
   1.8101769654    3.2574367314    1.5801569532
   1.5132234630    4.2687674850    1.5801569532
   0.7166435947    4.9590078701    1.5801569532
  -0.3266541598    5.1090114414    1.5801569532
  -1.2854301349    4.6711531248    1.5801569532
   2.0995620932    3.2574367314    0.5001569532
   1.8521471087    4.2612387830    0.5001569532
   1.1665819462    5.0350818817    0.5001569532
   0.1999213226    5.4016878995    0.5001569532
  -0.8263844628    5.2770718156    0.5001569532
   1.5132234630    4.2687674850   -0.5798430468
   0.7166435947    4.9590078701   -0.5798430468
  -2.6834379075    2.8874367312    1.5667718250
  -1.8696541605    4.7390114412    0.7761569528
  -2.8284301356    4.3011531247    0.7761569528
  -3.3982797337    3.4144498420    0.7761569528
  -3.3982797337    2.3604236204    0.7761569528
  -2.3693844635    4.9070718154   -0.3038430472
  -3.2202211235    4.3197816730   -0.3038430472
  -3.7006722331    3.4043585661   -0.3038430472
  -3.7006722331    2.3705148964   -0.3038430472
  -1.8696541605    4.7390114412   -1.3838430472
  -2.8284301356    4.3011531247   -1.3838430472
  -3.3982797337    3.4144498420   -1.3838430472
  -3.3982797337    2.3604236204   -1.3838430472
  -2.1434379075    3.8227441673   -2.1744579194
  -2.6834379075    2.8874367312   -2.1744579194
  -0.4734379070   -2.4385632713    3.6461569536
   0.6065620930   -2.4385632713    3.3567718258
  -1.0134379070   -3.3738707074    3.3567718258
   0.0665620930   -3.3738707074    3.3567718258
  -1.6984301351   -3.8522796647    2.5661569536
  -0.7396541600   -4.2901379813    2.5661569536
   0.3036435945   -4.1401344100    2.5661569536
   1.1002234628   -3.4498940249    2.5661569536
  -1.2393844630   -4.4581983555    1.4861569536
  -0.2130786776   -4.5828144393    1.4861569536
   0.7535819460   -4.2162084216    1.4861569536
   1.4391471085   -3.4423653229    1.4861569536
  -0.7396541600   -4.2901379813    0.4061569536
   0.3036435945   -4.1401344100    0.4061569536
   1.1002234628   -3.4498940249    0.4061569536
   5.7795620950   -0.2765632703   -1.5278430478
   5.5321471104    0.7272387814   -1.5278430478
   4.8465819479    1.5010818801   -1.5278430478
   4.8465819479   -2.0542084206   -1.5278430478
   5.5321471104   -1.2803653219   -1.5278430478
   5.4901769672   -0.2765632703   -2.6078430478
   5.1932234648    0.7347674834   -2.6078430478
   4.3966435964    1.4250078685   -2.6078430478
   3.3533458420    1.5750114397   -2.6078430478
   4.3966435964   -1.9781344090   -2.6078430478
   5.1932234648   -1.2878940239   -2.6078430478
   4.6995620950   -0.2765632703   -3.3984579200
   4.1595620950    0.6587441658   -3.3984579200
   3.0795620950    0.6587441658   -3.3984579200
   3.0795620950   -1.2118707064   -3.3984579200
   4.1595620950   -1.2118707064   -3.3984579200
   3.6195620950   -0.2765632703   -3.6878430478
   0.8245620937    0.7314367302    3.4191569532
   1.8960757043    0.7314367302    3.2060196442
   1.3603188990    1.6593947375    3.2060196442
   2.8044610810    0.7314367302    2.5990559405
   2.5392049136    1.7213862239    2.5990559405
   1.8145115873    2.4460795502    2.5990559405
   3.1877787546    1.7836085773    1.6906705638
   2.5555110947    2.6538503533    1.6906705638
   2.8937870619    2.6177845324    0.6191569532
   2.5555110947    2.6538503533   -0.4523566574
  -3.6336831753    0.0424367299    2.2926316906
  -3.8506903654    1.4853049819    1.7073452620
  -4.4322906759    0.5803172337    1.7073452620
  -4.4322906759   -0.4954437740    1.7073452620
  -3.8506903654   -1.4004315222    1.7073452620
  -4.1557174680    1.9926956121    0.8314022202
  -4.8478819885    1.1247487562    0.8314022202
  -5.0949126457    0.0424367299    0.8314022202
  -4.8478819885   -1.0398752965    0.8314022202
  -4.1557174680   -1.9078221523    0.8314022202
  -4.5096262172    1.9516250391   -0.2018430472
  -5.0949126457    1.0756819973   -0.2018430472
  -5.3004379080    0.0424367299   -0.2018430472
  -5.0949126457   -0.9908085375   -0.2018430472
  -4.5096262172   -1.8667515793   -0.2018430472
  -3.6336831753   -2.4520380079   -0.2018430472
  -4.1557174680    1.9926956121   -1.2350883146
  -4.8478819885    1.1247487562   -1.2350883146
  -5.0949126457    0.0424367299   -1.2350883146
  -4.8478819885   -1.0398752965   -1.2350883146
  -4.1557174680   -1.9078221523   -1.2350883146
  -3.1555107563   -2.3894963182   -1.2350883146
  -2.8721437334    1.9321922549   -2.1110313564
  -3.8506903654    1.4853049819   -2.1110313564
  -4.4322906759    0.5803172337   -2.1110313564
  -4.4322906759   -0.4954437740   -2.1110313564
  -3.8506903654   -1.4004315222   -2.1110313564
  -2.8721437334   -1.8473187952   -2.1110313564
  -3.1170605416    0.9372533798   -2.6963177850
  -3.6336831753    0.0424367299   -2.6963177850
  -3.1170605416   -0.8523799200   -2.6963177850
  -1.0064379072   -1.6645632709    4.0381569535
   0.0650757034   -1.6645632709    3.8250196445
  -0.4706811019   -0.7366052636    3.8250196445
  -1.5421947125   -0.7366052636    3.8250196445
  -2.0779515178   -1.6645632709    3.8250196445
  -1.5421947125   -2.5925212782    3.8250196445
  -2.7210807272   -0.6746137773    3.2180559408
  -2.9863368945   -1.6645632709    3.2180559408
  -2.7210807272   -2.6545127646    3.2180559408
  -1.9963874009   -3.3792060909    3.2180559408
  -3.5367714419   -1.1267242749    2.3096705641
  -3.5367714419   -2.2024022669    2.3096705641
  -3.0992537864   -3.1850830104    2.3096705641
  -2.2998692527   -3.9048520775    2.3096705641
  -3.7587625863   -2.1790619208    1.2381569535
  -3.3870458872   -3.1385733270    1.2381569535
  -2.6938148891   -3.8990115073    1.2381569535
  -3.0992537864   -3.1850830104    0.1666433429
  -2.2998692527   -3.9048520775    0.1666433429
   4.1610757054   -0.2215632702    1.8730196436
   3.6253189000    0.7063947371    1.8730196436
   5.0694610821   -0.2215632702    1.2660559399
   4.8042049147    0.7683862234    1.2660559399
   4.0795115884    1.4930795497    1.2660559399
   4.0795115884   -1.9362060902    1.2660559399
   4.8042049147   -1.2115127639    1.2660559399
   5.6764247858   -0.2215632702    0.3576705632
   5.4527787557    0.8306085768    0.3576705632
   4.8205110957    1.7008503528    0.3576705632
   3.8889466284    2.2386893488    0.3576705632
   3.8889466284   -2.6818158893    0.3576705632
   4.8205110957   -2.1439768933    0.3576705632
   5.4527787557   -1.2737351173    0.3576705632
   5.8895620947   -0.2215632702   -0.7138430474
   5.7004843371    0.7899133951   -0.7138430474
   5.1587870630    1.6647845320   -0.7138430474
   4.3376294909    2.2848939456   -0.7138430474
   3.3479135012    2.5664924234   -0.7138430474
   4.3376294909   -2.7280204860   -0.7138430474
   5.1587870630   -2.1079110724   -0.7138430474
   5.7004843371   -1.2330399356   -0.7138430474
   3.8889466284    2.2386893488   -1.7853566580
   2.8191613130    2.3511283163   -1.7853566580
   3.0895620947    1.7583357171   -2.6937420347
  -2.4682470048   -1.3569226573   -2.7099763766
  -2.9923391880   -2.7178666970   -0.5107875801
   0.5367529966   -2.1769226577   -3.3199763769
   2.8256225241   -0.7195632705   -3.8409209099
   1.2865318791   -1.6081576687   -3.8409209099
   2.3125923091   -1.6081576687   -3.8409209099
  -1.0884681220    3.4330311292    2.6672348152
  -1.8382470045    4.0017961183    2.1462902822
  -2.4256884921    3.0877193214    2.1462902822
  -1.8744760127    4.7944367311    1.3481569528
  -1.3839542100    5.3860767824    0.3691014858
   2.1794797360    3.6116975118   -0.6727875802
   1.6079072267    4.5348188102   -0.6727875802
  -0.3028381197    5.4862569413   -0.6727875802
  -1.3839542100    5.3860767824   -0.6727875802
   0.2274117950    5.0153540417   -1.6518430472
  -0.8470108208    5.1282804091   -1.6518430472
  -0.8498725511    4.4531716070   -2.4499763765
  -1.8382470045    4.0017961183   -2.4499763765
  -2.4256884921    2.0011541407   -2.4499763765
  -1.6014983370    2.5444367311   -2.9709209095
  -2.2152156794    1.7365218742   -2.9632185722
  -2.7868262607    0.8470784482   -2.9632185722
  -2.7868262607   -0.2102049882   -2.9632185722
  -0.4657774203    1.2202471469   -3.6291683307
  -1.5070983941    1.2202471469   -3.6291683307
  -2.0277588811    0.3184367300   -3.6291683307
  -1.5070983941   -0.5833736869   -3.6291683307
  -0.4657774203   -0.5833736869   -3.6291683307
  -0.9864379072    0.3184367300   -3.8668430478
  -1.0720983939   -4.2477259125   -0.1947928059
  -0.0307774200   -4.2477259125   -0.1947928059
  -2.6595491806   -2.9817761540   -1.2628932889
  -2.0102961729   -3.7959136748   -1.2628932889
  -1.0720983939   -4.2477259125   -1.2628932889
  -0.0307774200   -4.2477259125   -1.2628932889
  -2.3518262605   -2.4952049892   -2.2252185719
  -1.7802156792   -3.3846484153   -2.2252185719
  -0.8184768374   -3.8238598277   -2.2252185719
   0.2280449781   -3.6733927065   -2.2252185719
  -1.5927588809   -1.9665632711   -2.8911683304
  -1.0720983939   -2.8683736879   -2.8911683304
  -0.0307774200   -2.8683736879   -2.8911683304
  -0.5514379070   -1.9665632711   -3.1288430474
   1.4435620940   -1.1725632707    3.4601569534
   2.4848830678   -1.1725632707    3.2224822364
   1.9642225809   -0.2707528538    3.2224822364
   1.9642225809   -2.0743736876    3.2224822364
   3.3199576519   -1.1725632707    2.5565324779
   3.0220864860   -0.1581072424    2.5565324779
   2.2230449790   -2.8793927061    2.5565324779
   3.0220864860   -2.1870192990    2.5565324779
   1.9642225809   -3.4537259122    1.5942071949
   2.9024203599   -3.0019136744    1.5942071949
   3.5516733675   -2.1877761537    1.5942071949
  -1.0024379072    1.1904367304    3.8531569536
   0.0388830667    1.1904367304    3.6154822366
  -0.4817774203    2.0922471473    3.6154822366
  -1.5230983941    2.0922471473    3.6154822366
  -2.0437588811    1.1904367304    3.6154822366
  -1.5230983941    0.2886263136    3.6154822366
  -0.4817774203    0.2886263136    3.6154822366
  -0.2229550221    2.8972661659    2.9495324781
  -1.2694768376    3.0477332871    2.9495324781
  -2.2312156794    2.6085218746    2.9495324781
  -2.8028262607    1.7190784486    2.9495324781
  -2.8028262607    0.6617950122    2.9495324781
  -3.1105491808    2.2056496134    1.9872071951
   2.1670449790    1.6082661652   -3.3192185724
   1.1205231636    1.7587332865   -3.3192185724
   2.4288830678   -0.0985632702   -3.9851683309
   1.9082225809    0.8032471467   -3.9851683309
   0.8669016070    0.8032471467   -3.9851683309
   0.3462411200   -0.0985632702   -3.9851683309
   0.8669016070   -1.0003736871   -3.9851683309
   1.3875620939   -0.0985632702   -4.2228430479
   1.6295231638   -3.6078598276    0.1195324767
   2.6760449793   -3.4573927064    0.1195324767
   1.3759016072   -4.0317259124   -0.8427928062
   2.4172225811   -4.0317259124   -0.8427928062
   3.3554203601   -3.5799136747   -0.8427928062
   1.3759016072   -4.0317259124   -1.9108932892
   2.4172225811   -4.0317259124   -1.9108932892
   3.3554203601   -3.5799136747   -1.9108932892
   4.0046733677   -2.7657761539   -1.9108932892
   0.6677843219   -3.1686484152   -2.8732185722
   1.6295231638   -3.6078598276   -2.8732185722
   2.6760449793   -3.4573927064   -2.8732185722
   3.4750864863   -2.7650192993   -2.8732185722
   1.3759016072   -2.6523736878   -3.5391683307
   2.4172225811   -2.6523736878   -3.5391683307
   2.2893890825    2.5654367311   -1.6468932891
   2.0576733668    3.5806496141   -1.6468932891
   1.4084203592    4.3947871348   -1.6468932891
   1.8259576512    2.5654367311   -2.6092185721
   1.5280864853    3.5798927594   -2.6092185721
   0.7290449783    4.2722661665   -2.6092185721
  -0.3174768371    4.4227332878   -2.6092185721
   0.9908830671    2.5654367311   -3.2751683306
   0.4702225802    3.4672471480   -3.2751683306
  -0.5710983937    3.4672471480   -3.2751683306
  -1.0917588806    2.5654367311   -3.2751683306
   0.4702225802    1.6636263142   -3.2751683306
  -0.0504379068    2.5654367311   -3.5128430476
  -0.0604379068    3.2574367314    2.9001569532
   0.9808830671    3.2574367314    2.6624822361
   0.4602225802    4.1592471483    2.6624822361
  -0.5810983937    4.1592471483    2.6624822361
   1.8159576512    3.2574367314    1.9965324776
   1.5180864853    4.2718927597    1.9965324776
   0.7190449783    4.9642661668    1.9965324776
  -0.3274768371    5.1147332881    1.9965324776
  -1.2892156790    4.6755218756    1.9965324776
   2.2793890825    3.2574367314    1.0342071947
   2.0476733668    4.2726496144    1.0342071947
   1.3984203591    5.0867871351    1.0342071947
   0.4602225802    5.5385993729    1.0342071947
  -0.5810983937    5.5385993729    1.0342071947
   2.0476733668    4.2726496144   -0.0338932883
   1.3984203591    5.0867871351   -0.0338932883
   0.4602225802    5.5385993729   -0.0338932883
  -2.8322156797    4.3055218755    1.1925324772
  -3.4038262610    3.4160784494    1.1925324772
  -3.4038262610    2.3587950131    1.1925324772
  -2.1240983944    5.1685993727    0.2302071943
  -3.0622961734    4.7167871349    0.2302071943
  -3.7115491811    3.9026496142    0.2302071943
  -3.9432648967    2.8874367312    0.2302071943
  -2.1240983944    5.1685993727   -0.8378932887
  -3.0622961734    4.7167871349   -0.8378932887
  -3.7115491811    3.9026496142   -0.8378932887
  -3.9432648967    2.8874367312   -0.8378932887
  -1.8704768378    4.7447332879   -1.8002185717
  -2.8322156797    4.3055218755   -1.8002185717
  -3.4038262610    3.4160784494   -1.8002185717
  -3.4038262610    2.3587950131   -1.8002185717
  -2.1240983944    3.7892471481   -2.4661683302
  -2.6447588814    2.8874367312   -2.4661683302
  -0.4734379070   -2.4385632713    3.8861569536
   0.5678830669   -2.4385632713    3.6484822366
  -0.9940983939   -3.3403736882    3.6484822366
   0.0472225800   -3.3403736882    3.6484822366
  -1.7022156792   -3.8566484155    2.9825324781
  -0.7404768373   -4.2958598280    2.9825324781
   0.3060449781   -4.1453927067    2.9825324781
   1.1050864851   -3.4530192996    2.9825324781
  -1.9322961729   -4.2679136750    2.0202071951
  -0.9940983939   -4.7197259128    2.0202071951
   0.0472225800   -4.7197259128    2.0202071951
   0.9854203590   -4.2679136750    2.0202071951
   1.6346733666   -3.4537761543    2.0202071951
  -0.9940983939   -4.7197259128    0.9521067121
   0.0472225800   -4.7197259128    0.9521067121
   0.9854203590   -4.2679136750    0.9521067121
  -0.7404768373   -4.2958598280   -0.0102185708
   0.3060449781   -4.1453927067   -0.0102185708
   5.9593890842   -0.2765632703   -0.9937928063
   5.7276733686    0.7386496127   -0.9937928063
   5.7276733686   -1.2917761532   -0.9937928063
   5.9593890842   -0.2765632703   -2.0618932893
   5.7276733686    0.7386496127   -2.0618932893
   5.0784203609    1.5527871334   -2.0618932893
   4.1402225819    2.0045993712   -2.0618932893
   4.1402225819   -2.5577259117   -2.0618932893
   5.0784203609   -2.1059136740   -2.0618932893
   5.7276733686   -1.2917761532   -2.0618932893
   5.4959576529   -0.2765632703   -3.0242185723
   5.1980864871    0.7378927580   -3.0242185723
   4.3990449801    1.4302661652   -3.0242185723
   3.3525231646    1.5807332864   -3.0242185723
   4.3990449801   -1.9833927057   -3.0242185723
   5.1980864871   -1.2910192986   -3.0242185723
   4.6608830689   -0.2765632703   -3.6901683308
   4.1402225819    0.6252471466   -3.6901683308
   3.0989016080    0.6252471466   -3.6901683308
   3.0989016080   -1.1783736871   -3.6901683308
   4.1402225819   -1.1783736871   -3.6901683308
   3.6195620950   -0.2765632703   -3.9278430478
